100
0 0 1.871 0.291 1.866 0 1.287 0 1.485 0 0 0 0 1.637 0 0 0.739 0 0 0 0.204 0.047 0 1.586 0.655 0 0 1.981 0 0.044 1.293 0 0 0.423 0.879 1.902 0 0 1.224 0.902 0 0 0 0 0 0 1.890 0.387 0 0.419 0.437 1.513 0 0.755 0.801 1.790 0 0 0.083 0 0 0.249 1.933 0.385 0.117 0.880 0.686 0 0.906 0 0 0.324 0 1.361 0.807 1.634 0.433 1.223 0.702 0 0 0.196 1.103 1.612 0.817 0 1.739 0.967 1.624 0 0.798 0 0 1.803 0 0 1.940 0.037 0 0 
0 0 0.899 0.381 1.939 0 0.238 1.768 0.587 1.066 0.953 0.531 1.469 0 1.477 1.705 0 0 1.411 0 0 0 0 1.522 0 1.550 0 0 0 0.577 0.608 0 0 0 1.107 0 0.872 1.891 0 0.498 1.536 0.548 0.018 1.367 0.923 0 0.913 0 0 0 0.129 0 0 0.931 0 0.251 1.960 0 0 0.640 1.621 0.442 0.753 0 0.634 0 0.613 1.985 0 0.833 0.266 0.865 0.766 1.449 0 0 0.128 0.231 0 0 0 0.539 0 0 0.353 0 0 0 1.108 0 0 1.364 0 0 1.993 1.636 0 1.004 0 0 
0 1.261 0 0 1.725 1.949 1.440 0 0 1.268 1.671 0 0 0 0.098 0 0 0.750 0 0 0 0.565 0 1.828 0 0.057 0 0 1.272 0.308 0.656 0.607 1.943 1.938 0 0.735 0 0 0 1.631 0 0 0 0.890 0.807 0 0.894 0 0.166 0.395 0 1.971 1.205 0.518 1.589 1.878 0 0 0 0.255 0.291 1.154 0 0 0.657 0 0.786 1.022 0 1.023 0 1.631 0 0.148 0 0.673 0 1.297 0.196 0 0 0 1.339 0.480 0.325 0 0 0 1.178 0.724 0.008 0 1.101 1.979 1.174 1.450 1.949 1.108 0 1.595 
0.449 0 1.749 0 1.024 0.698 0 0.818 1.283 0 1.114 1.828 1.263 0 0 1.914 0 0 0 0 0.617 1.199 0.687 0 0 0 0.164 1.937 1.852 1.808 0.334 0.847 0 0 1.171 1.763 0 0.785 0 0 0.761 0 0 0.248 1.160 0 1.580 1.895 0 0 0 0.592 1.298 0.437 1.189 0 0 0 1.694 1.599 0 0.898 0 0 0 1.483 0 1.063 1.932 0 1.635 0 1.073 0 0 1.392 0 0 0 1.156 0 0 1.092 1.653 0.707 0 0 0 0 1.253 0.563 1.877 0 0.013 0 0.166 0.332 0.437 0.904 0.629 
0 0 0 2.000 0 1.504 1.784 0 0.415 0.178 0.696 0 1.390 0 0.330 0 0 0 1.661 0.646 1.925 1.600 0 0 0.836 0 0 1.054 0 0.001 0.012 0 1.187 0.541 0 0.774 0 0.516 0 1.161 0.301 0 0 0 0 0 0 1.366 0.490 0 0 0 0.448 0 0 1.274 1.266 0 0.121 0 0 0 1.496 0 1.716 0 0 0.744 0 0 1.579 0 0.015 0 0.463 0 0.097 1.295 0.363 0 1.134 0 0 0 0 0 0 0.304 0 0 1.302 0 0 1.400 0.895 0 0 0 0 0 
0 0.169 0.040 0.303 0 0 0.425 0 0.953 0 0 0.311 0 0 0 0 0 0 0 0 1.477 0 0.483 0 0.160 1.021 0 0 0 0 1.749 0 0.702 0.026 0.329 0 0 0 0 0 0 0.067 0.625 0.571 0 0.773 0.871 1.469 1.118 0.177 0 0 0 0 1.895 0 0 1.794 0 0 0 0 1.589 0 0 0 0.867 1.566 0 0 1.604 0 0 0.692 0.123 0.916 0 0 1.838 0 1.802 0 0 0.284 0.423 1.969 0 0 0 0 0 0.142 0.324 1.098 0 0 1.576 0 0.031 0.875 
1.566 0.342 0.877 0 0 0 0 0 0.516 0 1.298 0 0 1.277 0.061 0 0.027 0.823 0.632 0 1.507 1.801 0 1.128 0 1.806 0 0.453 1.264 0.175 0.461 1.168 1.676 1.940 1.138 0.610 1.618 0 0 0.646 0 0 0.521 1.580 0.751 0 0 0 1.933 0 1.548 1.740 0.616 0 0 0 1.536 0 0.381 0 0 0.263 0 0 0 0.381 1.596 0 0 1.000 0 0.047 0.589 0 0 0 0 0 0 0 0 0 0.972 1.696 1.549 0.800 0 0 0 1.914 0 1.524 0 1.041 0 0 0.428 0 1.895 1.795 
1.460 0 0 0 1.471 1.113 0 0 1.446 0 1.445 0.006 0 0.601 1.742 0 0 1.671 0 0 0.015 0 0 0 0 0 1.845 0.337 0 1.568 0.823 0 2.000 0 0.701 0 0.443 0 1.814 0 0.021 0 0.023 0 0.304 0.241 0 0 1.107 0 0 0.581 1.362 0.110 0 0 0.447 0 0.146 0.023 0 0 1.852 0 0 0 1.103 0.035 1.008 0 1.154 0 1.280 0.220 0 1.502 0.544 0.610 0.765 0 0.325 1.534 1.242 1.794 0 0 0 0 0 0.702 0 0.341 0 0 0 0 0.062 0 0 1.678 
0 0.311 0.379 0 0 1.273 0.081 0 0 1.910 0 0.881 1.528 0 0 0.150 0 0 0 0 0 0 0.848 0 0 1.801 1.189 0 0 0 1.016 0 0 1.341 1.807 0 0 1.610 0 0.476 0 1.403 0 0 0 0 0 0 1.474 0.288 0 0 1.362 0 1.320 0.169 0 0 0 1.537 0 0.001 0.943 0 0 0.881 0 0.554 1.076 1.012 1.491 0 0 0.976 0 0 0 0 1.614 0 0 1.671 1.151 0 0 0 0 0.386 1.840 0 0 0.967 0 0.459 0.395 0 0 1.486 0 0.154 
1.034 0.880 0 0 0 0 0 0 0 0 1.922 0.434 0.157 1.830 0 0 1.167 0 0.890 1.086 1.812 0.735 0 1.615 0 1.646 0 0 0 1.486 0 0 1.967 0 1.797 0 0.085 0.930 1.156 0.770 0.105 0 0 0 0.512 1.430 0 0.323 0 0 0 0.130 0 0 1.002 0 1.906 0 0 0 1.329 0.750 1.234 0 0.186 0 0 0 1.057 0 0 0.284 0 0 1.321 1.223 1.465 0.229 1.306 0 0 0.193 0 1.427 0.514 1.276 0.301 0 0 0 0 1.264 0 0 0 0.966 0 0 0 0 
0 0 1.044 0 1.237 0.099 1.665 0 0.941 0.579 0 0.495 0.191 0.822 1.073 1.726 0 0 0.470 0 0.661 0.501 0.745 1.008 0 0.673 0.680 1.484 1.290 0 0 1.342 1.779 0 1.505 0 0.982 0 0.439 1.745 0.176 0.677 0 1.079 0 0 0 0.276 0.762 1.834 0 0 0 0 0 1.527 0 0 1.389 0.948 1.867 0 0.357 0.333 0 0.191 1.401 0 0 0 1.016 0.667 1.724 0 1.335 1.090 0 0.479 1.675 0.476 0 0 0 0 0 1.768 1.010 0.789 0 1.214 1.839 1.400 0.571 0.898 0 0 0 1.593 0 1.046 
0.751 1.301 0 1.826 1.712 1.814 0 1.401 0 0 1.596 0 0 0 0 1.701 0 1.085 0 0 1.659 1.544 0.220 0 0.805 1.932 1.507 1.017 1.147 0 0.387 0.302 0 1.120 1.449 1.976 0.579 1.577 0.597 0 1.442 0 0 1.205 1.620 0 1.734 0 1.242 0 0 0 1.263 0.567 1.717 0 0 0 0.207 0.191 0 0 0 0 0 0 1.686 0 1.396 1.722 0.341 0 1.885 1.869 0 0.581 0 1.211 0.588 0 0 0 0 0.413 0 0.159 1.506 1.375 0.624 0 0 1.304 0.849 1.216 0 0 0 0 1.008 1.218 
0.233 0.038 0.410 0.879 0.869 0 0 0 0.717 0 1.682 0 0 0 0 0.589 0 0.386 0 0 0 0 1.820 0 1.859 1.726 1.988 1.846 0.388 0 0 0 0 0.786 1.063 0 0 1.246 0 0 1.474 0.654 0 0 0.106 1.813 0 0 0.126 0 0.514 0 1.618 0 0.404 0.590 0 0 0 0.810 0 0 0 0.459 0 0 0 0.076 0 0 0.776 0.097 0 0 0.788 0 0 1.674 0.904 0 1.146 1.347 0 1.631 0 0 0 0 0 0 0.766 0 0 0 0.440 0 0 1.280 0 1.595 
0 0.499 0 0 0.390 0 0 0.753 0 0 0 0 0 0 0 1.743 0 1.284 0 1.777 0 1.057 0 0 1.550 1.151 0 0 0 0 0 0 0 0 0 0 0 0 0 0.877 1.902 1.717 0.985 0 0.821 0 0.791 0.610 0.354 0 1.149 0 1.015 0 1.089 0 0 0 1.930 0 0 0 1.235 0 0.729 1.868 1.210 0.483 0 0 0.007 0 0 0.731 0.842 0.089 0 1.564 0.878 0 0.710 1.074 0 0 0.871 1.082 1.553 1.901 0.402 0 0.388 0.584 0.911 1.478 0 0 0.470 0 0.309 0.935 
0.523 0 1.394 0 1.475 0 0 0 0.235 0 0 0 1.053 0 0 0.318 0.411 0.532 1.624 1.190 0 0.573 0 1.758 1.237 0 0 0 0.193 0.094 0 0 0 1.782 0 0 0.219 0 0 0.384 0 0 0 0 0.146 0 0 0.973 0 0 0 0 1.983 1.882 0 0.599 0.696 0 0.797 0.882 0 0 0 0 0 0 1.201 0.995 0 0 0.531 0 0.457 1.741 0.489 1.556 0 0 0.415 0 1.962 0 0 1.013 0 1.852 1.998 0.522 1.726 0 0.544 0 1.151 1.875 0 1.431 0 1.684 1.541 0 
0 1.210 0.302 0.162 0 0 0.991 0.404 1.908 1.261 0 0 0 0.289 0 0 0 0 0 0 1.923 0.137 0 1.346 1.139 0.555 0 0 0.283 1.118 0.940 0.260 0.713 1.240 0 0.572 1.503 0.127 0 0.264 0 0 0.847 0 0 0 1.940 1.680 0 0.679 1.532 0 0.245 0.248 0 0.820 1.837 0.098 1.527 0 0.492 0.563 0 1.964 0.240 0 0 0 0.352 0.844 0.132 0 0 0 0 1.199 1.073 0.405 0.126 0.052 0.740 0 1.039 1.208 0.658 0.490 0 0 0.814 1.747 1.425 0 0 1.326 1.734 0.951 0.050 0.122 0.457 0 
0 1.317 0.774 0 1.265 0 0.879 1.726 0 1.151 0 1.812 0 0 0 0.398 0 0 0.115 0 0 0 0 0.069 0 0 1.767 0.108 0.868 0 0 0 1.136 0.364 0 0.442 1.102 1.882 0 1.997 0 0.570 0 0 0.721 1.482 1.178 0 0 0.576 0 0.189 0 0 1.847 0 1.331 0 1.213 0 0 0 0 1.780 0 0 0 0.485 0.352 1.490 0 0.066 0 0 0 0 0.808 0.672 0.214 1.241 0 1.176 0 0.327 0 1.299 0 0 0.737 0 0 1.597 0.294 1.502 0 0.233 0 0 0 0.958 
0.401 0.093 0 1.779 0 0.609 0 0 0.986 0.346 0 0 0 1.536 1.088 0 0 0 0 0 0.227 0.330 1.003 0.939 0 0 0 0 1.327 1.456 0 0 0.975 0 0.918 0 1.685 1.334 1.100 1.685 0 0.015 0 0 1.112 0 1.830 1.647 1.131 0 1.804 0.760 1.285 0 0.534 0 0 1.677 0 1.362 0.023 1.977 0 0 0 0.576 0 0 0 1.941 0 0 0 0.621 0.183 0.253 1.663 0.585 0.109 0 0 0 0 0 1.656 0 0 0.764 0 0.988 0 0.314 0 0 0.455 1.396 0 0 0 0 
0.697 0.163 0.460 1.178 1.967 0.728 0 1.493 1.686 0 1.457 0 0.974 1.106 1.402 1.567 0.277 0 0 0 0 0.139 0 0 0 1.827 0 0.773 1.256 0 1.736 1.150 1.085 0.537 1.267 0 0.834 0.328 1.667 0.238 0.858 0 0 0 0 0 0 1.280 0.315 0 0.749 0 0 0.246 0.025 0 0.076 1.110 0 0 0 1.040 0 0 0 0 0 0 0 0 0 0.087 1.232 0.825 1.915 1.601 0 1.114 0.761 0 0 0.263 0 0 0 0 0 0 0 0 0.441 1.265 0.337 0 1.073 0 0 0.825 0.619 0.001 
0.272 0.303 1.725 0 1.027 0 1.468 0.004 0 0.255 1.837 1.579 0 1.745 0 0.570 0 0.080 1.178 0 0 0 0 1.132 0 0 0.190 1.628 0.092 0 0.347 1.859 0.416 0 0 0 0 0.731 0 0 0 1.708 1.979 0.953 0 0.112 0.335 0 1.221 1.498 0 0.336 0 0 0.730 0 1.413 0 0.040 0 0 0 1.619 0 0 1.703 0.683 0 0.883 0 0 0 1.809 1.706 0 0.458 0 0 0 0 0 0 0.985 0 0 0 0.298 0 0 0.541 0.974 1.225 0 0.400 0.262 0 1.173 0.379 1.177 1.868 
0.764 1.177 0.670 0 0 1.371 0 1.911 1.943 0.550 0.250 0 0 1.163 0 0 1.303 1.943 0.366 0 0 0 0 0 1.999 0 0.967 0.354 0.434 1.878 0.228 0.481 1.670 0.340 0 1.107 0 1.050 0 0 0 0 0 0 0 1.649 1.837 0 1.772 0.220 0.837 0 1.318 1.987 1.966 0.987 0 0.162 0 1.703 0 0 1.804 0 0 1.195 0 1.737 0.230 0 0 0.405 0.384 1.008 0 1.588 1.070 1.843 1.493 0 1.685 0.305 0 0 1.888 0 1.625 1.611 0.600 1.986 1.061 0 1.756 0.216 0 0 0 0.277 0 0.778 
0.947 0.152 0 0.040 0 0 0 1.832 1.851 1.232 0 0 0 1.325 0.315 0 0 0 0.624 0.868 1.831 0 0.485 0.325 0 1.680 0 0.931 0 0.781 0.165 0 0 0 0 0 0.665 0 1.262 0 1.633 0 1.464 1.535 0.594 0 0 0.405 0 0 0 1.986 0.256 1.124 0 1.905 0 0 0 0.516 0 0.149 0 0 1.755 0 0 0.464 0.622 0 1.827 0 0 0.319 0 1.443 0.639 0 1.893 0 0 1.830 0.558 0.506 1.072 1.231 0 1.761 0 1.448 0 1.226 0 1.259 1.855 0.372 0 0 0 0.432 
1.829 0 0 0 0 0.218 0.636 0.060 0 1.502 0 0 0 0 0 0.329 1.863 0 0 0.304 0 0 0 0 0 0 0 0 0 0 0.257 0 1.896 1.952 0.030 0 1.625 0 1.633 1.335 0.487 0 0.791 1.627 0.564 1.132 0.560 0 0 0 0 0.713 0.505 0 0 1.422 0 1.788 0 1.123 0 1.799 1.641 0 0 0.646 0 0 0 0 0 0 0 0 0 0.109 0.985 0 0 0.015 0.196 0 0 0 0 1.118 1.108 0.846 0 0 0 0.571 0 0.294 0 0 1.289 1.355 1.346 0 
1.361 0.878 0 0 0.081 1.316 0 0.516 0 0.362 0 0 1.755 0 0 0 0 1.639 1.154 1.157 0.596 0 1.474 0 0 1.672 0.366 1.218 1.504 0.404 0.050 0.799 0.862 0.154 1.825 0 0.979 1.543 0.303 0 0 0 0.448 0.728 0 0 1.061 0 0 0 0.905 0 0 0 0.632 0.040 0.657 0 0.364 0 0.666 0 0.443 1.313 0 0.126 0 0 0 1.914 0.076 1.254 0 0.719 0.392 1.771 0 1.207 1.155 0.079 0 0.522 1.392 0 1.518 1.744 1.012 0 0 0 0.611 0.007 0 0 0.089 1.447 0.061 0 0 0.938 
0 0 0 0 0 1.872 0.616 0 1.628 0 0.715 0 0.485 0.267 0 0 0 1.605 0.483 0 0 1.403 0 0.863 0 0 0 0 0.126 0 0 0 0 0 0 0 0 0.180 0.627 0 0 0 0.898 0 1.363 0 0 0.349 1.628 1.388 0 0 1.717 0 0.697 0.031 0 0.391 0 1.018 0 0.001 0 0.615 1.986 1.559 0 1.086 0 0 0 0 1.987 0 0.596 0 0 0 0.300 0 0.731 0.445 0 0 0 0.652 1.064 0 0 1.577 0 0.424 0 0 1.189 0 0 0 1.307 0 
0 1.430 0.337 0.672 0 1.610 0.154 0 0.094 0 0 0 0.944 0 1.880 0.458 0 0.243 0.920 1.935 0.086 0.863 0.835 1.054 0 0 0 0.139 0 1.477 0 1.544 0 0.813 0 0 0 1.992 1.143 0 0 0 0 0 0.300 0.075 0.861 1.482 0 0 1.371 1.155 1.679 0 0.492 1.789 0.657 1.277 0 0 0.879 0 0.119 1.510 0.386 0.714 0 0 0 1.812 0.968 1.189 0 0 1.623 0 0 1.137 0 1.829 0.960 1.871 0.389 0 0 1.753 0.643 0 0.456 0 1.424 0.058 0 0 0 1.084 0 0 1.904 0 
0.072 0 0 1.725 1.325 0 1.078 1.816 0.346 1.278 1.696 1.274 0 1.013 0 0.196 0 0 0.013 0.172 0 0 0 0 1.441 0 0 0 0.368 1.791 0.191 0 1.886 1.203 1.676 0.005 0.411 0.400 0 0 0.683 0 0.799 0 0.239 0 0.759 0.405 1.855 1.620 0 0.129 0 0 1.203 1.733 0.102 0.126 1.056 1.452 0 0 0 1.847 0 0 0 0 1.156 0.383 0.393 0.904 0.630 0.584 0.441 0.503 0.325 1.630 0 0.140 0 1.035 0.857 1.194 0.202 0.220 0 0 1.450 0 0 0 0.578 1.179 0 0 1.103 1.383 0 0 
0.979 0.558 0.435 0 0.045 0 0 1.761 0 0 0.265 1.290 1.451 0 0.229 0 1.332 0 0 0 0 0 0 0 0 0 0.372 0 1.080 1.987 0 0 0.224 0.488 0 0 0 0 0 0 0 1.606 0 0.924 0 1.765 0.641 0 1.675 0 0 0 1.204 0 1.427 0.910 1.419 0 1.967 1.077 0 0 0 0 1.608 1.692 0.756 0 1.096 0 0 0.763 1.516 1.546 0 0 0.858 0 0 0 1.471 0 0.102 0 0 0 0 1.445 0 1.778 0.550 1.613 0.549 0.379 0 0 0.597 0.180 1.944 0 
0 0 0 0 1.808 0 1.441 0.714 1.412 0 1.962 1.601 0.827 1.204 0.683 0.835 0.706 1.397 1.812 0.933 0 0 0.162 0 0 0.314 0 0.806 0 1.494 0 0.319 0.584 0 0 0 0.984 0.756 0 0 0.834 0.838 0 1.580 0 1.761 1.172 1.552 0 0 1.061 1.365 1.803 1.121 0.938 0 0 0 1.908 0 0.838 1.699 0.017 0 0 1.618 0 0 0 0 0 0 0 1.580 0.194 1.260 1.406 1.056 0 0 0 0 1.802 0.151 0 1.750 0.934 0 1.101 0 0.273 0 0.664 0 0 0 1.657 0.209 1.179 0 
0.143 0 1.945 0 0 0 1.868 1.234 0 0 0 0.775 0.529 0 0.863 0 1.666 0.253 0.110 0 1.623 1.192 1.520 0 1.365 1.575 1.873 0 0.209 0 0.526 1.114 0.089 0 0 1.642 0.473 0 1.904 1.810 0 1.400 0.231 0 0.869 0 0 0 0 0.951 0 0 1.191 0 1.168 0 0 0 0.550 0 0 1.027 0 0.919 0 1.150 0 0 0 0 0 0 1.905 0.083 0 0 0 0 0 0.128 0 0 1.964 0 0.417 0 0.350 0 0 0.674 0 0.693 0.300 1.378 1.166 0.816 0.735 1.983 0 1.397 
0 0 0.005 1.778 0.553 0.134 1.408 0 1.984 1.811 0.954 0 0 0.651 0.766 0 0 0.562 0.146 0.094 0 0 1.284 0 0 0 0.478 0 0 0 0 0 0.729 0 0 1.578 0 0.883 0 1.880 0 0 0 1.508 0.289 0 0 0 0 0 0 0 1.806 0 0 0.443 1.698 0 0 0 0 0.159 0 0.039 0 0.734 0.627 0 1.130 0 1.239 0.725 0 0 1.482 0 0 0 0.839 0 0 0 0 0.274 0 0 0 1.234 1.366 0.571 0.991 1.273 0 0 1.316 0.529 1.760 0 0.552 0 
1.420 0 0.934 0 1.049 1.919 0.258 0.144 0.818 0 0 1.364 0.089 0 0 0 0.865 0.203 0 0.298 1.422 0 0 0 0 1.531 0 0 1.965 0 0 0 0 0 0.874 0 0 0 1.759 0 0 1.870 0.042 0.408 0.089 0.650 1.501 0 0.180 0 0 1.824 0.928 1.021 0 0 0 0 1.434 0.291 0.215 0 0.883 0.979 0 0 0 0 1.101 1.229 1.051 1.500 0 0 0 0 1.662 0 0.046 0 0 0 0 0.737 0.311 0 0 1.093 0.665 1.393 0 1.069 0.745 0 0 0.276 0 0 0 0.018 
0.472 0 0.057 1.058 0.972 0 0.256 0 0 0 0.091 0 1.161 1.954 0 1.000 0 0 0 0 0.169 0.653 0 0 0 0 0.452 0 0.857 1.609 0.210 1.646 0 0.657 1.065 0 1.446 0 0.680 0 0.861 0 0 1.333 0.223 0 0 0 0 1.531 1.499 0 0 0.732 1.604 0.111 0 0 0 0 0 0 0 1.098 0 0 0 0 0.834 0.171 0 0.061 0.393 0 0.321 0.858 0.111 0 0.326 0 0.153 0 1.743 0 0 0 0 0 1.920 0 0 0 1.040 0 0 0 0 0 0 1.349 
0.329 0.601 0 1.636 1.314 0 1.514 0 0 0 0 1.160 0.297 1.405 0 1.770 1.113 0 1.332 1.648 1.357 0 0 0 1.125 0 1.677 0 1.492 0 1.425 0.419 0 0 0 0 1.458 1.831 1.855 1.903 0.005 0 0.253 0 0.138 1.290 0.682 1.008 0 1.347 0 0 0 0 0 0 1.659 0.212 1.039 0 0 0 1.696 0.826 1.724 0 1.014 1.263 0 1.438 0.253 0.195 0.359 0 0.740 0 0.952 0 0 0.418 0 0.115 0.920 1.385 0 0 1.781 1.107 0.973 0 0 0 0 0.370 0.568 1.804 0.062 1.193 0 0 
1.676 1.190 0 0 0.480 0 0 0 0.081 1.092 0 1.103 0 0 0 1.415 0.142 0 0 0 0.228 0 1.905 0 0 1.675 0.981 0.235 0 0 0.191 0 0.079 0 0 0 0 0 0.342 0 0 0 0 1.087 0 0.585 0.955 1.909 0 0 0 0.768 0 1.083 0.741 0.401 0 1.328 1.258 0 1.880 0 0.734 0 0.327 0.179 1.732 0 0.265 0.803 1.108 0 1.430 0 1.831 0 0 0 0.788 0 0 1.617 1.402 1.520 1.954 0 1.686 0.923 0 0 0.984 1.798 1.300 1.851 0.739 0 0.228 0 1.710 0.735 
0.239 0 1.968 1.677 1.869 1.902 0 1.629 0.096 1.904 0.037 0 0 0 0.817 1.305 0 0 0 1.174 0 0 0.349 0.830 0.950 0 0.771 0.859 0 0.285 0.012 1.233 0 0.369 0.103 0 1.292 1.815 1.992 0 1.144 0 0 0 0 0.267 1.664 1.962 0 0.247 1.412 1.950 0 0 1.308 1.993 0.590 0 0 0 0 1.726 1.366 0 0.259 1.526 0 0 0 0 1.736 0 0.306 1.514 0.149 0 0 1.421 0 0 0.920 0 0 0.507 0.345 0 0.312 0 1.063 0.116 0 1.995 1.987 0.293 1.974 1.711 0.536 0 0.518 0.024 
0 0 0.694 0 1.725 0 0 1.334 0.794 0 0 1.326 0 0 0 0.587 1.204 0 1.253 1.787 0.795 0 0 0 0 0 0.129 0 0.808 0 0 1.946 0 0 1.641 0 0 1.135 0 0 0.293 0 1.064 1.813 0.390 1.184 1.441 0 1.505 0 0.903 0 0.849 1.724 0.993 0 0 0.318 0.467 0 0.058 0 0 1.533 0 0 0 0.959 0.320 1.363 0 0 1.386 0 0 0 0.951 0 1.079 0 0 0 1.515 0.441 0 0 0.325 0.692 1.952 0 0 0.743 0 0 1.479 0 0.589 0.256 0 0 
0.584 0.881 1.190 0 0.915 1.766 0 0 0.960 0 0 0 0 1.093 0 0 1.106 0 0 1.491 0 0.826 0.808 0 0 0.191 0.913 1.081 0 1.539 0 0 0.114 0 0 0 0 0 1.777 0 0.938 0.612 0 0 0.699 1.145 0.923 1.537 1.486 0 0.588 1.104 0 0 1.921 0.423 0 0 0 0 1.139 1.109 0 0 0 1.916 0.587 1.028 0.676 0 0 0 0 1.770 0.433 1.615 1.410 0 1.611 0 0 0.733 0.416 0 0 0 1.146 0 0 0 0 0 0 0 0 1.135 0 0 0.580 1.492 
1.065 1.600 0 0.350 0 0.766 0 1.546 0.097 1.504 0.407 0.958 0.484 0 0 0 0 0 1.326 0 0 1.629 1.316 0.596 1.715 0.357 0.908 0 0 0 1.035 1.545 0 0 0.739 0.106 1.994 0 0 0.831 0 0.459 0.001 0.251 0 1.613 1.060 0 0 0.344 0.859 0 0 0 1.172 0.095 0 0.090 0 0 0 1.539 0 0 0 1.352 0 0 1.848 1.486 1.334 0.158 0 1.301 1.849 0.638 0 1.198 1.789 0 0 1.590 0 1.130 1.689 0.843 1.494 0.139 0 1.968 1.881 0 0.927 0 0 0.166 0.763 0 0.814 0 
0 0 0 0 0 0.784 0.725 0.675 0 0.729 1.544 0 1.916 1.573 0 1.138 0.173 0.503 0 0 0 1.119 0 0.654 0 1.835 1.770 0 1.346 1.600 0.179 0 0 1.819 0 0.957 1.243 1.750 0 0 1.409 0.690 0.943 0 1.276 0 0 0 0.179 0.926 0 0 0 0 1.736 0 0.806 0.279 1.658 0 1.229 0.380 0 0 1.264 0 0.443 0 0.131 0 0 0 0 0.161 0 0 0.755 0.703 0.723 1.214 0 0 0 0.120 0 0 1.627 0 0 0.697 0.201 0 1.258 0 0 1.603 0 0 0.906 0 
0 0 1.128 0.509 0 0 1.934 0 0 0.525 0 0 1.802 0 1.529 0 0 0.510 0 1.825 1.946 1.595 0 0 0 1.122 0.528 0 1.284 0 0 0 0 1.031 1.255 1.266 1.778 0.855 0.885 0.780 0 0 0 0.406 0 0.363 1.391 0 0 0 0 0 0 1.764 1.016 0 0 0.767 0.853 1.284 0 0 0 0.328 0 0 0 0 1.097 0 0 1.888 0 0 0 0 1.481 0 0.982 0 1.749 0 0.361 1.044 0 0 0 0 0 0 0 1.088 1.201 0 0 1.896 0 0.517 0.288 0 
1.270 1.721 1.463 1.380 0 1.237 0 1.423 0.518 0.939 0 0 0.289 1.228 0 0.034 0 0.322 0.336 0.169 0 1.633 1.990 0.728 0 0 0 1.882 0 0.821 0 0.961 0 0 0 0 0 1.662 0.546 1.447 0.500 0 0.748 0 0 0.476 1.966 0 0.617 0.347 1.443 0.964 0 0.685 0 0.941 0.231 0 0.562 1.500 0 0 1.195 0.987 0.482 0.410 1.571 0 0 0.475 0.145 0 0 0 0 1.771 1.540 0 0.102 1.151 0 0 0.359 0.387 0 1.341 0.133 1.473 0 1.948 0.238 0.298 0.300 0 0.589 0 0.240 0 0 0.413 
0 0.772 1.178 0.192 0 0 0 0 0.754 0.664 1.762 0.612 0 0 0 0.379 0.332 0 0.315 1.027 0.802 0 0 0.602 0.499 1.146 0 0 0 1.224 1.217 0.827 0.505 0 0 0.412 0 1.026 1.514 0.985 1.853 0 0 0.455 0.795 1.582 0.860 0.180 1.697 0.799 0 1.304 1.162 1.981 0 0 1.575 1.061 1.522 0 1.817 0 0.612 0 0 0 1.674 0 1.371 1.410 0 0 1.464 0 0 0.733 0 0 1.802 0.869 0.429 1.141 1.654 0 1.846 0 1.520 0 0 1.525 0.786 0 0 0 0 0 0.141 0.150 0.031 1.319 
0 0 0 1.891 0.249 1.863 1.351 1.950 0 0 0 1.061 0 0 0.769 0 0 0 1.158 0.598 0.678 0 1.041 0.807 0 0 0 0.037 0 0 0 0 0 1.445 0.824 0.953 0 0 0.502 1.119 0 0 0.539 0 0 0 0.052 0.637 0 1.558 0 1.862 0 0.442 0.261 1.059 0 0 0.896 1.153 0 0 1.601 1.553 0 0 1.256 1.770 0.410 0 1.754 1.564 0 1.799 1.714 0 0.749 0.137 0 0 0 0 0 0 0 0 0 0 0.149 0.133 0 0 0 1.576 0 0 0.283 0.977 0 0.217 
0.676 0.492 0.441 0 0.128 0 1.021 0 0 0.516 1.324 0 0.269 0.855 0 0 1.085 0 0.251 1.882 0 0.374 0.049 0 0 0 0 1.199 0 0.369 0 0 0 0 0 0 1.942 0 1.079 0 0.215 0 0 1.002 0 0.471 0.883 0 1.061 0 0 0 0.220 0.911 0 1.867 0 0.737 1.020 1.212 0 0 0 0 0 1.920 0 0 0.582 0 0 0 1.819 0 0 0.530 1.143 0 0 1.133 0 0.153 0.677 0 0.103 0 1.626 0 1.620 1.648 0.762 0.196 1.193 0 1.724 1.763 0 1.096 0.123 1.861 
0 0 0 1.342 0.860 0.610 0 1.634 1.398 0 1.595 0 0 0 1.783 1.360 0.868 0.066 1.017 1.978 0 1.470 1.560 0.565 0 1.153 1.833 0 0.700 1.178 0 0.775 1.559 0 0 0.590 1.418 0 0 0 0 0 1.459 0 0 0 0 0 1.178 1.288 1.416 1.876 0 1.494 1.290 0 0.191 0 0 0 1.701 0 1.563 0 0 0.971 0 0.381 0.225 1.100 1.013 0 1.607 1.325 1.125 0.482 1.858 0.473 0 0.524 1.841 0 0 1.226 0 1.607 0 1.203 0.092 0 1.923 0 0 0.800 1.625 0 0 1.859 0 0.137 
0 1.978 0 0.842 0 0.754 0.459 0.134 0 0.350 0.906 0.920 0.973 0 0 0 1.262 0.616 0.250 0.795 0 0.300 1.882 0 0.814 0 0 0.777 1.298 0 1.471 0.760 0.662 0 1.960 0 0.576 1.064 0.099 1.593 0 0 0 0 0.289 0 0 1.237 0.603 0 1.209 0 0 0 0 0 0 0.509 0 0 1.612 0 0 0 1.714 0 0 0.882 1.479 1.772 0.875 1.252 1.583 0 0 1.708 0 0.858 0 0 0 1.978 0 0 0 0 1.797 0 0 1.717 1.169 0 0.043 0 0.594 0.312 0.997 0 1.056 0 
1.422 0 1.400 0.800 1.714 0 0.562 0 0.279 0.732 1.709 1.630 1.369 0 0.401 0 0.421 1.972 0 1.672 1.950 0 0 0.933 0 0 0 0 1.775 0 1.542 0 1.172 0 0.247 0.763 1.417 0 0 1.120 1.061 0 0.280 0 0 0 0.907 0 0.909 0 0 0.611 0 0 1.198 0 0 0 0.730 1.165 1.209 0 0 1.615 0 0 0.177 1.109 1.044 1.125 0 0.813 0 0.987 1.526 0 0 0 0.349 1.323 1.943 0 1.149 1.486 0 0 0.437 0 1.481 1.003 0.617 0 0 0.803 0.471 0.237 1.373 0.175 0.848 0.573 
1.267 1.630 0 1.293 1.949 0 0 0.174 0 0 1.369 0.793 0.296 0.224 0 0 0 0.076 0 0 0 1.299 1.433 0.167 0 0 0 0.358 0 0.761 0 0 1.083 0 0 0 0 1.118 0 1.031 0 1.063 0 0 0 0.045 1.845 0 0 0 0 0.459 0 0 0 0 1.350 0 1.468 0 1.809 0.756 0 1.073 0 0.038 0 0 0 0 1.562 0 1.523 1.424 0.604 0 0 0 0.142 0 0.202 1.271 0 0.232 1.404 0 1.442 0.498 0.812 0 0 0.329 1.875 0 0 0.397 0 0 0 0 
0 1.910 1.125 0.850 0 0 1.360 1.695 0.243 0.557 1.574 1.934 0 1.688 0.920 0 0.804 1.196 0.331 0.266 0 0 0.813 0 0 0 0 0 0 0 0 0 1.492 0 0 0 0.493 0.403 0 0 1.055 0 0 0 1.221 0 0.337 0 0 0 1.827 0 1.745 0 0.219 0 1.261 0 0.743 0 0 1.733 0 0 0 1.307 0 0 0 0 0 0 0 0 0.493 0 0.238 0 0 0 0 1.718 1.709 0 0.432 0.616 1.960 1.236 0 1.619 0 0 0 1.256 0 0 0.148 1.987 0.612 0.425 
0.163 0 0 1.037 0 0 0 0.192 0.083 0 1.702 0 1.124 0.478 1.151 1.197 0.215 0 0.659 0 0.823 0 1.448 0 1.680 1.527 0.882 0 1.514 0 0.736 0.505 0 0 1.441 1.384 1.237 0 0 0 1.138 0 0 0 1.284 0 0 0 0.230 1.469 0 0 0.057 0 0 0 0 0 1.135 0 0 0 0 0 1.785 0.243 0 0.828 0.110 0 0.921 0.237 0 1.981 0.757 0 0 0.156 0 1.291 0 0.081 0 1.186 0 0 0 1.513 0 0 1.350 0 0 0 0 0 0 0 0 1.055 
0 0 1.079 0.501 0.032 1.082 1.768 0 1.197 0.697 1.726 0 0 0.863 0.713 0.665 1.702 0 0 0.059 0.973 0 1.270 0 0 0 0 0.003 1.619 1.365 0 0 0 0 0 0 1.903 1.925 0.996 0 0.891 1.143 1.640 0 0.625 0 0.108 0 0.776 0 0 0 0.983 1.825 1.130 0.119 0 0.045 0.664 1.815 1.360 1.419 0.173 1.626 0.038 0 1.526 0.246 0.651 0 0 0.088 0.849 0 0.517 0.725 0.925 0.735 1.497 0 0 0.706 1.713 0.644 0 1.154 0 0 0 0.963 1.609 1.131 0 1.648 1.617 0 0 1.563 1.654 0.562 
0.423 1.037 0 1.084 1.271 0.083 0 0 0 0 1.457 0 0.350 0.393 0.965 0.124 0.664 0 0 1.103 0.699 0 0.816 1.271 0 1.354 0 0.400 0 0 1.010 0 0 0 0.175 0.112 0 0 0 0 0.003 0 0 0 1.385 0.544 1.606 0.011 0 0.411 0 0.269 0 0.985 1.445 0 1.556 0 0.194 0 1.077 0 0 0 0 0.013 0.072 0.428 0.681 1.863 0.487 1.361 1.501 0.232 0.488 1.035 1.982 0 1.059 0 1.687 0 0 0.363 0.370 1.491 0 0 0 0.476 0 1.262 1.340 0.583 1.281 0 0 0 1.732 0 
0.405 0 0 0 1.392 0 0 0.370 0 1.724 0.647 0.777 0.965 0 0 0 0.683 1.212 0 0 0.268 1.349 0 1.955 0 0.835 0 0 1.197 0.930 1.328 1.248 1.488 0.639 1.312 0.202 1.269 0 0 0.525 0 1.458 1.800 1.608 0.292 0 0.972 0 0 0.266 1.537 0 0.177 0 0 0 0 0 0.768 1.452 0 0.270 1.594 1.917 0.650 0 1.463 0 0 0.382 1.472 0 1.226 0.656 0.774 0 0 0 0.619 1.227 0 1.344 0 0 1.725 1.045 1.636 0 0.842 0 0 0 0 1.540 0.113 1.528 0.565 0 0 0 
0 1.938 1.761 0.501 0.012 0.066 0 1.958 1.153 0.421 1.672 0 0.426 0.563 0 0 0 0 0 0 0 0.250 0 0 0 0 0.548 0.716 1.200 1.398 0 1.819 0.579 0.826 0 0 0.958 0 1.198 0 1.936 1.080 0.894 0 1.544 0.756 0.120 0 1.518 1.841 0.128 1.035 1.425 0 0 0 0 0 1.581 0 0 0 0.769 0 0.385 1.777 1.789 0.670 0 0 0 0.813 0.181 0.560 0.658 0 1.041 0.338 0 0.027 0 0.796 0 0 0.339 0 0 0 0.402 0 0 1.927 0 0.108 0 1.243 1.959 0 0 0 
0 0 0 0 0 1.881 0.924 0.541 0.794 1.725 0 0.115 0 1.319 0.578 0.575 0 0 0.541 0 0 0 0 0 0.637 0.565 0.644 0 0 0.422 0.675 0.592 0 1.062 1.305 0 0 0 0 0 0 1.700 0 1.441 0 0 0 0.850 0 0.478 0 0 0 0 0.519 0 0.047 0.000 0 0 0.021 0 0 0 0 0.436 0 0 0 0 1.955 1.838 0.276 0 0.858 0 0.114 0 0 1.658 0 0 0 0.339 0 1.075 0.298 1.910 1.387 0 0 0.212 0 0 0 0 1.346 0.902 0 1.357 
0 1.812 0 1.907 0 0 0 1.156 0.863 0 0 0.634 0 0 0 0 0 0 1.194 0 0 0 0.813 0 1.565 1.700 0 0 0.841 1.330 1.677 0 0 0 1.697 0 0.543 0 1.876 1.038 0.762 0.695 0.588 1.141 0 0 0 0.133 1.302 0 0 0 0 0 0 1.944 0 0 0 0.208 0.363 0 0 0.015 1.613 0 0 0 0 0 0 1.621 0.264 1.821 0 1.478 0.959 0 0 1.716 0.691 0 1.944 0 0 0.871 1.548 1.088 0 1.312 1.829 1.619 0 1.067 0 0.761 0.548 0.097 0 0 
1.961 0 0.678 0 0 1.440 0 0 0.517 1.840 0 0 0 0 1.002 0 1.972 0.220 0 0 0.784 0 0 0 0 1.423 0.529 1.120 0 1.648 1.502 1.158 0.999 0 0 0 0 1.973 1.475 0.246 1.277 0.898 1.751 1.445 1.265 0 0 0.549 0 0.051 0 0.750 1.125 0 0 0.655 0.859 0 1.154 1.922 1.597 0.452 0 0 0.780 0.313 0.855 0 0 0 1.220 1.662 1.773 0 0.104 0 0 1.847 0 0 0.843 0 0 1.013 1.192 0 0 1.124 0.366 0 1.279 0 0 1.784 0 0.381 1.720 1.481 0 0 
0 0.895 1.925 0.226 1.382 0 0.886 0 1.252 0 0 1.674 1.472 0 1.475 0.426 1.479 0.762 0 0 0.426 0.024 0.896 0 0 1.132 0.057 0.136 0 0.667 0.335 0 0.243 0 0 0.809 0 0 1.836 0 0.261 1.694 0 0 0.874 0 1.757 0 0 0 0 0.560 0.088 0.941 0 1.767 1.122 1.575 0 0 0 0 0.169 0.058 1.908 1.920 0 0 0.990 0 1.415 0.131 0 0.830 0 1.143 0.848 0.148 0 0.056 0 0.225 1.382 0 1.229 0.669 0 1.659 0 0 0 0.570 0 1.400 0 0 0 1.317 0.976 1.769 
1.771 1.257 0 0 0 0 0 0 1.699 0.690 0 1.764 0 0.207 0.995 1.567 1.786 0 0 0 0.116 0 0 0 0 1.682 0.870 1.296 0 1.882 0.456 0.354 0 0 0.029 1.519 0 0 0 1.383 0 0 1.863 0.708 0.011 0.491 1.774 0.782 0 1.372 0 0 0.245 0.287 0.573 0 1.608 0 0 0 1.181 0.490 0.961 1.957 0 0.448 1.362 0.635 1.905 1.533 0 1.779 0.020 0 0 0 0 0.940 0 0 0 1.221 0.696 0 1.668 1.569 0 1.805 1.587 0 0 0 1.896 1.748 0.952 0 0.877 0.683 0 0 
0 0 1.967 1.989 1.254 0.657 1.362 0.932 0 1.095 0 0 0 0 0.907 0 0.650 0 1.333 0 0.136 0 0 0 0 1.190 1.511 0 0 0 1.388 0.479 0 0.840 0 0.949 0 0.938 0 0.546 1.534 0.500 0 0.602 0 1.792 1.058 0 0 0 0.327 0.424 1.645 0 0.506 0 0 1.151 0 1.697 0 0.403 0 0.778 1.163 0 0 0.063 0 1.002 0 0 0 0.964 0.166 0 0.672 1.089 1.592 0.831 0.848 1.490 0.012 0.573 0 1.528 0 0.122 1.110 0 0 0 0 1.798 0 0 0.293 0.431 0 0 
0 0 0 0.664 0.508 0 0 0 0 0 0 0.903 0 1.564 0 1.188 0.770 0 0 1.333 1.672 0 0 0 0 0 1.056 0 1.443 0 0 0 0 0 0.014 0 0 0.600 0 0 0 1.806 0 0 0 1.558 0 0.492 0 0 1.804 0 1.248 0 0.581 0 0.144 1.892 0.522 0 1.288 0 0 1.094 0 0.233 0 0.590 1.504 1.122 1.142 1.284 0 1.179 0 0.867 0.306 0 0 1.250 0 0 0.653 0 0 0 1.356 0 0.065 1.371 0.049 1.800 0 0 0 1.874 1.378 1.899 0 0.727 
0.235 0 0.888 0 0.995 0 0.115 0.336 0 1.524 1.416 0 0.319 0 0.193 0.009 0 0 0.331 0 0.566 0 0 0.673 0.448 0.968 1.703 0 0 0.827 0.022 0 0 1.705 0.534 0.848 0 0.994 0 0.527 0.292 0.066 1.006 1.136 0 0 0 0 0 0.105 1.467 0 0 1.961 0.342 0 0 0 1.356 0 1.883 0.680 0 0 0 0 0 0.780 0 1.619 0 0 0.555 0.531 1.892 0.772 0.681 0 0.738 1.125 0 0 0 1.367 0 1.011 0 0 1.571 0 0.021 0 0.576 1.005 1.864 0.159 0 0 1.039 0 
0 0 0 1.171 0.101 0 1.113 0 0.904 0 0.315 0 0.789 0 1.794 1.728 0 0 0 0 0.037 0 0.200 0 0 0.685 1.741 0.223 1.314 0 0.450 1.210 0.231 0.205 0 0 0 0 0 0 0 0.969 1.458 0 0.467 0.455 0 0 0 0.791 0.928 0 0.370 0 0 0.997 0.626 0 1.787 0 0 1.604 0.354 0 1.950 0 0 0.579 0.771 0 0 1.168 0 0 0 0 0 0 1.050 1.434 0.139 0.937 1.331 0 0 1.602 0 1.132 0 0 0 0 0 1.505 0.984 0.343 0.761 0 0 1.914 
0 0 0 1.264 1.985 0 0 1.407 0 0 0.590 0 0.533 1.925 0 0 0 0.591 1.506 0 0 0 1.530 0 0 0 1.217 0 1.953 0.118 0 0.657 0 1.434 0.664 0 0.912 0 0 0.366 0.749 0.100 0 0 0 0 0 0.339 0 0 0.189 1.663 0 1.625 1.569 1.363 0.650 1.195 0 0 0 0 0.026 0.436 0 0 1.558 0 0 0 0 0.188 0.043 0.248 0 0.947 1.595 0 0 0 1.871 0 1.433 0 0 1.696 0 0.250 0 1.454 0 0.018 0.966 0.820 0.240 0.161 0 0.471 0 1.056 
0.312 1.967 0 0 0 0 0 0 0 0 0.596 0 0.614 1.777 0 0 0.915 1.152 0 1.623 1.412 0.099 0 0.066 0.408 0 0.043 0 0.561 1.551 1.793 0 0 0 1.210 1.754 0 0 1.867 0.221 0.016 1.003 0 0 0.523 0 0 0 0 0 1.255 0.985 0 0 0 0 0.320 1.000 0.894 0.780 1.877 0.247 1.063 0 0.986 0 0.459 1.451 0 0.578 0 0 0 0.061 0 1.307 0.837 1.906 0 0.687 1.842 0 0.038 0.572 0.795 0 1.518 1.812 0 1.801 0 0.838 1.721 1.954 1.332 0 0 0 1.308 0 
0 0 0.105 0 0.726 0 1.805 0.172 1.108 0 1.693 0 0.340 0 0 1.142 0 1.764 0 0 0 0 0 0 0 0 0 1.678 0 0 0 0.653 0.932 0 0.625 0 0 0 0 0 0.587 0 0 0.752 0 0.924 0 0.332 0 0 0 0 0 0 0 0 0 0 0 0 0.568 0 1.534 0 0.793 1.081 0 0.395 1.203 0.756 0 1.088 0 0.636 0 0.665 0.103 0 0.046 0 0 0 0 0.148 0 0 0 1.014 0.247 0 0 1.603 0 0 0 0.338 0 1.430 0 0 
0 0 1.579 0 0.193 0 0 0 0 0 0 1.470 1.945 0 0 1.920 0 0.611 0.781 0.974 0 1.202 0 0.759 0.957 0 0 1.347 0 1.803 0.535 1.970 0 1.553 1.508 0.932 1.953 0 0.927 0 0 1.669 0 0 0.223 0 1.216 0.367 0 1.506 0.135 1.068 1.029 1.232 0.490 0 0.203 0.442 0 0 0 0.666 0 0 1.172 0 0 0 0 0 1.095 0.747 0.646 0 0 0 0 1.238 0 0.753 0.947 0 0.348 0 0 1.226 1.904 0 0.008 0 0.167 0.906 0 0 0 1.909 0.102 0.466 1.632 0.031 
0 0.224 0.180 0 0 0.988 0 0 0 0.435 0.021 0 0.935 0 0 1.024 1.766 0 1.731 0.169 0 0.582 0 0 0 0 0 1.188 1.971 0 0 0 0 0 0 0.857 0 0.521 0.491 1.823 0 0 1.610 0 0.192 0 0.954 0.362 1.154 1.092 0.310 0 0.232 0 1.089 1.205 0 0 1.896 0 1.914 0 0 0 0.939 0.912 1.427 0 0 0 1.683 0 0 1.605 0 0 1.632 0 0 0.924 0.533 0 1.671 0 0.418 0 0 1.887 1.251 1.919 0 0 0.372 1.594 0.311 0 1.943 0 0.780 0.920 
0 1.054 1.609 1.402 1.767 0 0.412 0 0 0 0 1.932 0 0 0.624 1.344 1.263 0 0 0 0.246 0 0 0.340 1.335 1.054 0 0.977 0.512 0 0 1.346 1.435 1.302 1.676 0.327 1.123 0.982 1.899 0 1.199 0 0.534 1.136 0 0 0 1.435 0 0.223 0 1.658 0.073 1.704 0.043 1.844 1.626 1.595 0 0.793 0 0 1.064 0 1.987 0 1.423 0 0 0 0 0 1.303 0 1.020 0 0 0 0.517 1.894 0 0 0.581 0 1.227 1.566 1.438 0 1.552 0 0 0 0 0 0 0.939 0.945 0 0 0.833 
0.767 1.700 0 0 0.268 1.508 0.654 0 0 1.421 0 0.545 1.806 0 1.732 0 0 1.066 0 0 0.274 0 0 0.571 0 0 0 1.763 0 0 0 0 1.701 0.347 1.887 0 0.819 0 0 0.562 0.836 0 0 0.697 0 0 1.117 0 0 1.101 0 0 1.452 1.083 1.882 0.834 0 0 0 0 0 0 0 0.733 0.106 0.425 0.926 1.128 0 0.546 0 1.489 0.748 0 0 0 0.336 0.721 0 0 0.293 0 0.775 0 0.504 0.847 0 1.773 0 0 0.421 1.404 1.286 0 1.739 0 0 1.142 0.448 0 
0.741 0 0 0 0 0 0.451 0.948 1.730 0.966 1.990 1.173 0 1.324 0.358 1.489 0 0.948 0 0.782 1.080 0 0.847 0 0 0 0.107 1.684 1.407 1.666 0.625 0 1.949 1.717 1.805 1.705 0 1.595 0 0 0 0 0 0 0.951 0 0 0 0.057 0 0 0.399 0.135 0.766 0 0 0 0.086 1.046 1.665 0 0.319 0.797 0.835 1.064 0 0.122 1.647 0 1.157 0.989 0 1.219 1.377 0 0.718 0 1.763 0.536 0.799 1.718 0.968 0.812 0.207 0.153 0.049 0 0 0.263 0.499 1.446 0 1.684 0.568 0.357 1.092 0 0 0.479 0.915 
0 0.946 0.602 0 0 0.109 1.858 0.753 1.854 0.233 0 0 0 0.439 0 0 1.946 0 0 1.576 0 1.776 0.696 0.439 1.030 0 0 0.919 0 0.774 0 0 0 0 1.015 1.491 0 0 1.600 0 0 0 0 0.953 0.014 0.572 0.362 1.188 0.039 0.495 0 1.974 0 0.280 0 1.771 0 1.208 0 0 1.626 0 0 1.731 0 0 1.471 0 0 0 0 0 0 0 0 1.849 0.697 0.272 1.410 0 1.811 1.433 0.320 0 0 0 1.942 1.549 0.581 0 1.240 0 1.959 1.403 0 0 0 1.627 1.150 0 
0.961 0.650 0 1.709 0 0 1.730 0.896 1.640 1.642 0 0 0 1.425 0 0 0.275 0.407 0 0.078 0.498 0.376 0 0.085 0.193 0 1.253 1.565 1.045 1.773 1.979 0.532 0 1.311 0 1.718 0 0 0.663 0 0 1.752 1.124 1.233 1.204 0 0.769 0 0 1.151 1.955 1.568 1.022 0 0.666 1.472 0 0 1.526 1.174 0 0 0 0 0.855 1.950 0 1.328 0 0 0.705 0.242 0 0 0 0 1.439 0 0 0 0 1.046 0 0 0 0 0 0 0 1.372 0.982 0 0 0 1.275 0 0 0 1.759 0.295 
0 0.225 0 0.003 0.371 0.146 1.887 0 1.360 0.479 1.728 0 0 0.370 0.827 0.707 0 0 0 0.525 0.379 1.422 1.996 1.687 0 0 1.857 0.933 1.970 0.331 1.223 1.930 0 0 0.567 0 0 0 1.921 1.585 1.767 0 0 1.653 0 1.226 0 0 1.708 0.021 0.963 0.408 0 1.603 0 0 0 0 0 1.995 0 0 0 0 0 0 1.067 0 0 0 0 0 0.270 0 0 0.309 0 0 0.226 0.320 0.492 0 0.411 0 0.676 0 0.708 0.284 0.769 1.833 0.304 1.515 1.171 0.883 0 1.599 0.526 1.633 0 0 
1.429 0 0 0 0 0 0 1.938 0.494 0.947 0 0 1.071 0.918 0 1.422 0 0.152 0 0 0 0 0 1.737 0 1.843 1.626 0 0 1.770 1.243 1.386 0 0.457 0 0 1.224 0.281 0 1.571 0.739 0 1.131 0.664 1.459 0.729 0 0.293 1.442 0 0.828 0 0 0 0 0 1.771 1.083 0 0 1.254 0.533 0.077 0 1.180 0 0 1.725 0.202 0.323 0.214 0.501 0 1.048 0 0 0.819 0.321 1.187 0.106 0 0 0.208 1.428 0 0.697 0.993 0 0.604 0 0 1.052 0 1.488 1.828 0 0.808 0 0 0.024 
0.127 0 0 1.190 1.724 0 1.021 0.702 0.055 0 0 0 0 0 0 0.283 0 0 1.608 0 1.603 0 0 0 0 0.065 0.335 0 1.459 0 0 1.330 0.763 0 0 0.585 0 0 0 0 0 1.881 1.102 0 0.011 0 1.919 1.427 0 1.549 1.877 1.873 0.750 0.295 0 0 0 0 1.747 0 0.503 0 0 0.361 1.617 0 0 0 0.862 0 0 1.501 1.534 0 0.284 0 0 0 1.061 0 0 1.926 0 0.429 0 0.035 0 1.652 0 1.188 0.062 0 0.474 0 0.007 1.648 1.861 0 0 1.128 
0 1.054 0.302 1.468 1.518 0 0 0.028 0 0.950 0 0 1.897 0 0 1.664 0 0 0 0.021 0 0 1.040 1.441 0.698 0 0 0 0 1.386 0 1.744 0 1.078 0 0 0 0 0 0.162 0 0 0 0.527 0 1.567 0.244 0 0 0.645 0 0.542 0 0 0 0 0 1.696 0 0 0.478 0 0.640 0 1.836 0 1.194 1.314 1.971 0 1.124 0 0 1.408 0 1.208 0 0 0 0 0 0 0 1.703 0 0 0.519 0.179 0 0 1.169 0 1.141 0 0 0 0.699 0.214 1.471 0.111 
1.112 1.520 0.116 0.159 1.566 0 1.746 0 1.119 0 0 0 0 0 0.696 1.133 1.290 0 0 0 0 1.825 1.391 1.277 0 0 0 0 0 1.925 1.652 0 1.983 0 0.253 1.060 0 1.166 0.096 1.332 0.613 0 0.004 1.873 0.691 0.797 0 0 0 1.393 0 0 1.067 1.629 0 0 1.668 1.577 1.127 1.200 0 1.797 0 1.670 1.601 0 0.817 1.880 1.507 0 0.883 0.629 0 0 1.470 0.232 0.947 0 0 0 1.099 1.944 0.932 1.204 1.986 0 0.100 0 0 1.887 0.490 0 0 0 0 0 1.295 0 0 0 
1.474 1.664 0 0.507 0 1.711 0 0.072 0.032 0.337 0.201 0 0.800 1.130 0 1.601 0.140 0 0.705 0 0 0 0 0 0.515 0.587 1.047 0 0 0 0 0.718 0 0.846 0 0 0 0 1.577 1.988 0 0.693 0 1.063 1.546 1.891 0 0 1.708 1.153 0 1.276 1.334 0.351 1.147 0 0.996 0 0 0 0 1.678 1.204 0 0 0 1.153 1.206 1.118 1.672 0 0 0 1.887 1.761 0 0.089 1.323 0 0 0.307 1.501 0.480 0 1.743 0 0.897 0.612 1.982 0 1.887 0 1.297 1.217 0 1.544 0 0 1.140 1.174 
0.203 0 0.908 1.956 1.290 1.226 0.269 0.907 1.096 1.395 1.908 1.450 0.156 0.575 0 1.277 0 1.480 0 0 0 0 0 0.529 1.975 0 0 1.337 0.279 1.515 0 0.127 0.257 0 0 0 0 0 1.500 1.588 1.607 0.094 0.724 1.738 1.054 1.883 0.618 0 0 0 0 0.260 0 0 1.676 1.846 0 0 0 0.689 1.664 0 0 0 0 0.648 0 1.147 0 0 0.134 0 0.969 0.157 0.622 0 1.614 0 0 1.892 0 1.403 1.454 0.391 1.455 0 0 0 0.160 0 1.924 0.209 0.617 1.979 1.292 0.144 0 1.877 1.116 0 
0 0 0 0 1.486 0 0.499 0 0.659 0 0 1.252 0 0 0.725 0.411 0 0 0.923 0.432 1.403 1.567 0 0 0 0.706 0 0 1.291 1.864 0 0 0.146 0 0 1.945 0.426 0.299 0.886 0 0 0 0 0 0 0 0 0 1.438 0 0.643 0 0.507 0.422 1.187 1.805 0 0 0 0 1.340 0.434 0.023 0 1.534 0.514 0 1.327 1.370 0.347 0 0 0 0.944 1.746 0 0 0.171 0 1.719 1.186 0 1.917 0.016 0.743 0.344 1.389 0 0 0 1.059 1.458 0.834 1.718 0.987 0 0 0 0 0.876 
1.291 1.890 1.045 0 0 0 0 1.309 0 0 0.673 0.344 1.935 0.533 0 0 0.983 0 0.965 1.554 0.682 0.829 1.628 0 0 0.614 0.857 0 0.925 1.662 0 1.597 1.689 0 1.209 0 1.887 0 0 0 1.563 0.965 0 1.514 0 0 1.845 0 1.484 0 1.146 0 0 0 0.349 0 0 0.227 1.445 1.275 1.561 0 0 0 0 0 0 0 0 0.597 0.649 0 0.153 0 0.813 0 0 0 0 0 0.189 0.164 0 0.319 0 0 0 0 0 0 0 0 0 1.912 0 0 0.171 0.715 0 0 
1.367 0 1.329 0 0 0 1.573 1.712 0 0.869 0.011 0 1.753 1.383 0 1.481 1.363 0.942 0 0.469 0 1.158 0.370 0 0 0 0.108 0 0.417 0 0 1.953 0 1.056 0 0 0 0.073 0 0 0 0 0 0.499 0.642 0 1.209 0 1.348 1.643 1.455 1.454 1.939 0.063 1.730 1.243 1.982 0 0.997 0 0.482 0 1.124 0 0 0 0 1.680 0 1.790 0 0 0 0 0 0 1.917 0 0 0 0.939 0 0 0 1.241 0 0.967 1.542 1.354 1.259 0 0.907 1.346 0 0 0.996 0 0.044 0 1.000 
0 0 0.704 0 0 0 0 0.911 1.836 0 0 0 0.786 1.725 0 0 1.184 0.732 0.935 0 1.544 1.016 1.715 0 1.590 1.793 0 0 1.720 0 0 0.952 0.697 0 1.308 1.058 1.144 1.444 0 0 0 1.196 1.410 0.292 0.579 0.884 0 0 0 0 0 0.241 0.730 0 0.039 1.508 0 0 0 0.395 0 0 0 0.037 0 0 0 0.232 1.383 0 0 0.676 0 0 0.788 0 1.238 1.165 0 1.640 0 0 1.650 0 0 0.388 0 0.041 0 0 1.090 1.660 0 0 0.317 0 1.105 1.086 1.053 1.088 
1.891 1.720 0 0 0 1.233 0 1.274 0 1.547 0 0 0 0 0 0.566 0.795 0.575 0.014 0 0 0 0.023 0 0 1.144 0 0 0.145 1.650 1.472 1.342 0.405 0 0 0 1.887 1.829 0.623 0.090 0 0 0 1.243 0 0 0 0.725 1.760 0 0 0 1.611 0 0.016 0 1.963 0.109 1.878 1.328 0.661 0 0.769 1.909 0 0 0.230 1.059 0.709 0 0.579 1.249 0 1.141 1.063 0 1.768 0 0 0.788 0 1.454 0 0 0.175 0 0 0 0 0.718 0.643 1.344 0 0 0 0 0 1.897 0 0 
0 1.991 0 0 0.373 0.233 0 0 0 0 0 0 0 0 0 1.721 0.252 1.438 0 1.813 1.289 0 0.744 1.493 0 0 0 0 0.506 0 0.102 0 0 1.253 0 0 0 1.492 0 0 1.258 0.743 0 1.994 0.068 0.832 1.211 1.097 0 1.730 0 0 0.115 0 0 0 0 1.797 0.298 0.818 0 0 0 0 1.555 1.868 1.563 1.218 0 0 0 1.090 0 1.561 0 1.285 0 1.169 1.341 0.330 0 0.805 0 0.605 0 0.473 0 0.708 0 1.375 0 0 0 1.051 0 0 0.697 1.140 1.201 1.492 
0 1.651 0 0 0 0.769 1.250 1.931 0 0.431 0.074 0 0 0.652 0 1.700 0.039 1.475 1.869 0 0 0.618 0 1.990 0.160 0 0 0 0 0 1.000 1.454 0 0.714 1.860 0 0 0.759 0.660 0 1.626 0 0.244 0 0 1.207 0.873 0 1.442 0 0.442 0.673 0.550 0.296 0 0 0 0.867 0 0.866 1.880 0 0 0.276 0.359 0 0 0 0 0 0 0 1.115 0 0.157 1.430 0 1.538 0 0.405 0 0 1.447 0.042 0 0 0 0 1.203 0 0 0 1.371 0 0.741 0.193 0 0.776 0.832 0 
0 0 0.157 0 1.427 0 0 1.763 0 0.674 0 0 0 0 1.265 0 0 1.727 0 0 0.162 0.939 0 0 0.287 0 1.482 0 0 0 0 0.158 1.911 1.183 0 0.216 0 1.408 0 0.794 0 0.956 0.796 0 0.268 0.534 0 0 0 0 0 0 0.211 0 0.331 1.446 1.673 0.873 1.591 0 0 0.481 0.322 1.719 0 0 0.478 1.548 1.055 0.030 1.812 0.425 1.762 0.993 0.388 0 0 0 0 0 0.971 1.756 0.942 1.792 0 0.355 1.528 0 0 0 0 0.796 0.619 1.624 0 0 0.879 0 0.858 0 
0.291 0 0.047 0 0 0 0 0 1.654 1.453 0.336 0 1.132 1.877 0 0 0.004 1.247 0 0.104 0 0 1.352 0.443 0.427 0 0.396 0 0 0 0 0.083 0 0 1.452 1.287 0.378 1.508 0 0.641 1.187 0 0 0 0 1.397 0.757 0 0.872 0 0.439 0 1.018 0 0 0.385 0.420 0.484 0.387 0.568 0 0.311 1.304 0 0 0.809 0.257 0 1.623 0 0 0 1.893 0 0 0.626 0.782 0.547 1.775 1.278 0.891 0 0 0 0 0 0.744 0 0 0 0 0.777 0 0.643 0 0.884 0 0 0.585 0 
0 1.561 1.258 0.564 0.428 0.345 0 0 0 0 0 1.521 1.173 0.888 0 0.594 0.381 0 0 1.513 0 0 1.780 1.913 1.505 1.040 0 0.674 1.813 0 0 1.884 1.541 0 1.401 0 0 0.028 0 0 0.491 0.615 0.203 0.617 0.869 0 0 0 0.648 0 0.135 1.026 0 1.798 0 1.164 0 1.191 0.193 0 0 0 0.594 1.875 0.951 0.868 0 1.199 1.705 0 0 0 0.086 1.165 0.351 1.803 0 0 0 0.252 0 0 0 0.272 0 0 0.217 0 0 0 0 0 0.240 0 0 1.536 1.355 1.621 0 0 
1.501 1.058 0.801 0 0.400 0 0 0 0 0 0 0 0 0 0.630 0 0.808 1.485 0 0 0 0 0 0.117 0 0 0 0 0 0 0.965 0 0 0 0.909 0 0.653 0.810 0.425 0 1.958 1.162 0.429 0 1.644 0 0 0 0 0 0 0 0.937 0.118 0.165 0.707 1.679 0 0 0.689 0 0 0 0.216 1.436 0.934 0.043 0 1.190 0 0 0 0 0 0.931 1.779 1.878 0 0 0.977 0.831 0 1.478 1.868 0 0 0 0 1.982 1.747 1.964 0 0 0.776 1.313 0.772 1.664 0.066 0 1.043 
0 0 1.553 1.527 0 1.708 1.978 1.343 0 0 0 0 0 0 0.522 0 0 0 0 0 0.686 0.737 0 0.360 1.217 0.038 1.533 0 0 0 0 1.863 0 0.179 0 1.271 0 0 0 0 0 0.110 0 0 0 0 1.207 0 0.668 0 0 0 0 0 0 0 1.575 0 1.754 1.080 0.292 0 0 0.893 0.568 0 1.415 1.881 1.565 1.290 0.872 1.669 0 0 0 0 0.378 0.531 1.931 0 0 0 0 1.500 1.116 0.196 0 0 0 1.284 0.444 0 0 1.935 0.692 0 0.532 1.384 0.446 1.313 
1.272 0 1.820 0.926 0.714 0 0 0 0 1.717 0 0 0.340 0 0 0.140 0 0.055 0 0 0 0.259 0 0.179 0.105 0 0 0 0 0 0 0 1.131 0.734 0 0 0 0 0.107 0 1.670 1.933 0 0.947 0.400 0 0 1.337 1.633 0.964 0.888 0 0 0 1.970 0 0 0 0 1.151 0 0 0.154 1.438 0 0.313 0 1.366 1.581 0 0 0 0.472 0 1.708 0 1.678 0 0.722 0 0 1.261 0 1.414 0.133 0.486 1.915 0 0 0 0 0 0 0 0 0.030 0 1.738 0 0 
1.071 0.138 0 0.012 0 0.706 1.777 0 0.263 1.629 0 1.549 0.926 1.575 0 0.694 0.874 0 0.290 1.227 0 0.119 0 0 0 0 0.198 0 0 1.269 1.454 0 0 0 0.409 0 1.545 0 0.419 0 0 1.459 1.136 1.230 0 1.651 0 0 0.705 0.310 1.232 0 0.535 0 0 0.856 0.489 0 0 1.590 1.616 0 0 0 1.153 0 0 1.048 0.654 0 0 1.727 0 0.065 0 0 0 0.107 0.815 1.280 1.580 1.339 0 0.091 0 0.419 0 1.467 0.627 0.994 0.947 0.320 0 1.571 0 0 1.678 0 1.668 0 
0 0 1.427 0.445 0.341 1.937 1.588 0 0.215 1.958 0 0 0 0.584 1.697 0.575 0.347 1.043 1.028 0 0 0.168 0 0 0 1.909 0 0 0 0.973 0 0.779 0 0.905 0 0.602 0.413 1.728 1.019 0.381 1.524 1.477 0.809 0.252 0 1.010 0 0 1.968 0 0 0 1.668 0.802 0.946 0 0 0.568 1.085 0.575 0 0.053 0.595 1.941 0 0 1.344 0.934 1.399 0.787 0 0 1.164 1.299 1.882 0 0 0 1.897 1.667 0 0 0 1.814 1.591 0 0 0 1.183 0 0 0 0 0 1.387 0 1.880 0 0 0 
1.433 0 0 0 1.385 0 0 1.290 0.038 0.150 1.816 0 0 1.911 1.097 0.593 0 0 0 1.445 0 0 1.144 0 1.775 1.219 0 0 0.403 1.389 1.998 0 0 0 1.795 0.365 0.408 1.608 0 0 1.117 0 0 1.398 0 0 1.358 0 0 0.621 1.256 0 0.460 0 1.728 0 0.094 0 0 0 0 0 0 1.401 0.094 0 0.232 0 1.590 0.548 0.536 0 1.710 1.172 1.155 0 0 0.994 0 0 0.231 0 0.394 1.717 0 0 0 0 0 0.309 1.023 0 1.286 0.753 1.649 0 0 0.549 0 1.543 
0 1.481 0 0.383 1.188 1.376 0.031 0.679 0 1.187 0 0.231 0 0.984 0.294 0 0 0 0 0.387 0 0 0.406 0 0 0.318 0.670 0 0 0 0.888 0.269 0 0.500 0 0 1.310 1.989 1.121 0 1.508 0 1.376 1.170 0 0 0 1.918 0 0.683 0 1.852 0 1.189 0.898 0 0 0 0 0.012 0 0.875 0 0 0 0 0.085 0 1.573 1.517 0 0 0.435 0.052 0.333 1.416 0.414 0 1.864 1.450 0.704 0.514 1.241 0 0 1.050 0.899 0 0 1.528 0.797 0 0 0.528 1.889 0 0 0 1.197 0 
0 0.773 0.972 0.188 0 0 0 0.307 0 0 1.257 1.945 0 0.140 0 0 0 1.961 0 0.491 0 0.874 0.489 0 0 0 1.455 0 0.994 0.478 1.757 0 0 1.759 0 0 0 0 0 1.867 0.883 0 0.599 0.826 1.193 0.864 1.522 0 0 0 1.607 0.995 0 0.697 0 0.538 0 0 1.208 0 0 0.149 0.690 0 0 0 0 0.643 0.954 0 1.470 0.651 0.773 1.605 0 1.623 0 1.548 0.003 0 0.094 1.577 0.870 0.562 0.373 0 0 1.745 0.797 1.054 0.296 0 0 0.140 1.775 0.993 0.937 0 0 1.031 
1.446 0.691 0.378 0.761 1.492 0 1.895 0 0.950 1.147 0 0 0 0 0.689 1.359 0.009 0 0 1.512 0 0.203 0 0 0 0 0 0.072 1.725 0 0 0.058 0.672 0 0.809 1.744 0.706 0 0 0 0.930 1.490 0.112 1.019 0.697 0.279 0 0.004 0.973 0 1.114 0 0.169 0.111 0 0 1.178 1.213 0 1.123 0.645 0 1.664 0.731 1.963 1.477 1.226 0.646 1.564 0 0 0.155 0 0 0 0 0.123 0.658 0 0 0 0 0 1.292 0 0 0 0 0 0 0 0 0 0 0 0 0 0 0.685 0 
